====================
cycle:1	96	ADDI	R0, R0, #40

registers:
r00	40	0	0	0	0	0	0	0
r08	0	0	0	0	0	0	0	0
r16	0	0	0	0	0	0	0	0
r24	0	0	0	0	0	0	0	0

data:
====================
cycle:2	100	LDUR	R1, [R0, #0]

registers:
r00	40	0	0	0	0	0	0	0
r08	0	0	0	0	0	0	0	0
r16	0	0	0	0	0	0	0	0
r24	0	0	0	0	0	0	0	0

data:
====================
cycle:3	104	AND	R3, R1, R0

registers:
r00	40	0	0	0	0	0	0	0
r08	0	0	0	0	0	0	0	0
r16	0	0	0	0	0	0	0	0
r24	0	0	0	0	0	0	0	0

data:
====================
cycle:4	108	ORR	R4, R1, R2

registers:
r00	40	0	0	0	0	0	0	0
r08	0	0	0	0	0	0	0	0
r16	0	0	0	0	0	0	0	0
r24	0	0	0	0	0	0	0	0

data:
====================
cycle:5	112	SUB	R7, R1, R2

registers:
r00	40	0	0	0	0	0	0	0
r08	0	0	0	0	0	0	0	0
r16	0	0	0	0	0	0	0	0
r24	0	0	0	0	0	0	0	0

data:
====================
cycle:6	116	BREAK	

registers:
r00	40	0	0	0	0	0	0	0
r08	0	0	0	0	0	0	0	0
r16	0	0	0	0	0	0	0	0
r24	0	0	0	0	0	0	0	0

data:
